32255 45796 0.48828125 0.28095238095238095
32357 48293 0.4890625 0.30952380952380953
32460 50711 0.4953125 0.3488095238095238
31845 39633 0.490625 0.2321428571428571
28159 47200 0.275 0.28928571428571426
30053 49463 0.340625 0.330952380952381
29593 48761 0.32265625 0.3130952380952381
26367 49151 0.1234375 0.3047619047619048
25087 48761 0.05546875 0.2690476190476191
25702 49463 0.05703125 0.3142857142857143
26418 44860 0.25 0.2511904761904762
25855 45952 0.19921875 0.25476190476190474
27442 47668 0.24375 0.2964285714285714
27084 48215 0.19375 0.2964285714285714
31794 50321 0.45234375 0.33333333333333337
31129 49931 0.4078125 0.330952380952381
30770 48761 0.40625 0.3119047619047619
30361 46732 0.390625 0.2869047619047619
28620 44314 0.36875 0.26428571428571423
27186 41349 0.35625 0.22738095238095235
28671 48605 0.2765625 0.31547619047619047
27698 49775 0.24140625 0.33690476190476193
34201 45640 0.5890625 0.2702380952380953
34917 42519 0.59453125 0.24523809523809526
35634 39711 0.60390625 0.21666666666666667
36505 46420 0.696875 0.2702380952380953
37631 45250 0.73046875 0.24642857142857144
39065 43924 0.7453125 0.22499999999999998
35685 48371 0.671875 0.29761904761904767
35020 49619 0.659375 0.3107142857142857
34917 50009 0.6578125 0.33571428571428574
33945 47200 0.5828125 0.29166666666666663
33945 48527 0.5765625 0.30833333333333335
33586 49463 0.5703125 0.32380952380952377
33535 50321 0.56640625 0.33690476190476193
33330 51023 0.55390625 0.35238095238095235
32716 50555 0.5203125 0.3547619047619047
35685 49853 0.69765625 0.32380952380952377
35993 48839 0.71328125 0.305952380952381
36761 47980 0.73515625 0.2869047619047619
39986 46186 0.85625 0.22857142857142854
40959 47356 0.953125 0.22619047619047616
39525 48371 0.90234375 0.26190476190476186
38706 49151 0.86796875 0.29166666666666663
39628 49541 0.95 0.2833333333333333
37989 48215 0.8203125 0.27380952380952384
37375 47746 0.7859375 0.275
35429 45796 0.64609375 0.2654761904761904
36249 44158 0.65703125 0.24404761904761907
37938 42285 0.678125 0.2226190476190476
34866 47278 0.63203125 0.28809523809523807
34661 48059 0.6234375 0.3023809523809524
34354 48917 0.61875 0.3202380952380952
33996 50321 0.59921875 0.33452380952380956
35122 50087 0.6734375 0.3321428571428572
41112 47902 0.9984375 0.22023809523809523
40088 48917 0.99453125 0.26309523809523805
24934 48917 0.0109375 0.294047619047619
24217 48293 0.00234375 0.26309523809523805
32869 52584 0.53046875 0.3904761904761904
32153 52506 0.4859375 0.3857142857142857
31385 51803 0.428125 0.37023809523809526
30873 51647 0.4 0.3678571428571429
30156 51491 0.35390625 0.3595238095238096
28773 50477 0.28515625 0.35119047619047616
34047 52037 0.58828125 0.3761904761904762
34610 51569 0.63671875 0.36309523809523814
35634 51023 0.68671875 0.35
37017 49853 0.74765625 0.3404761904761905
37887 49463 0.821875 0.3285714285714286
38553 50165 0.8953125 0.32499999999999996
26777 50399 0.1578125 0.3761904761904762
27749 50477 0.23828125 0.38095238095238093
29234 51491 0.2984375 0.39880952380952384
30975 52193 0.40078125 0.39642857142857146
32204 53130 0.48046875 0.41666666666666663
31077 52818 0.41875 0.430952380952381
30105 52115 0.35234375 0.4011904761904762
27442 50945 0.21484375 0.42380952380952386
40140 46264 0.928125 0.19761904761904758
39525 43768 0.79296875 0.20714285714285718
