0.596875 0.85 left-fixture 21243 16840 right-fixture 22453 16737
0.415625 0.7824074074074074 left-fixture 21968 17018 right-fixture 23250 16841
0.2916666666666667 0.625925925925926 left-fixture 22470 17488 right-fixture 23762 17112
0.13958333333333334 0.5777777777777777 left-fixture 23048 17559 right-fixture 24346 17179
0.1234375 0.42500000000000004 left-fixture 23159 18048 right-fixture 24484 17558
0.06302083333333333 0.21111111111111114 left-fixture 23473 18725 right-fixture 24881 18129
0.03229166666666667 0.06944444444444442 left-fixture 23572 19140 right-fixture 25068 18454
0.028125 0.014814814814814836 left-fixture 23604 19440 right-fixture 25096 18741
0.8255208333333334 0.6314814814814815 left-fixture 20335 17351 right-fixture 21600 17450
0.95625 0.6333333333333333 left-fixture 19744 17225 right-fixture 20996 17379
0.9307291666666667 0.48888888888888893 left-fixture 19788 17755 right-fixture 21115 17891
0.9828125 0.2861111111111111 left-fixture 19435 18244 right-fixture 20831 18650
0.9760416666666667 0.028703703703703676 left-fixture 19458 18962 right-fixture 21053 19316
0.5536458333333333 0.16481481481481486 left-fixture 21272 19025 right-fixture 22887 18908
0.5052083333333334 0.46018518518518514 left-fixture 21510 18100 right-fixture 22978 17920
0.2671875 0.30740740740740746 left-fixture 22498 18537 right-fixture 23990 18154
0.7598958333333333 0.3037037037037037 left-fixture 20439 18425 right-fixture 21956 18500
